25
83 26 37 35 33 35 56 22 79 11 42 77 60 89 33 86 70 46 62 56 81 18 97 79 72 
90 72 23 47 65 69 82 82 58 69 67 83 26 41 62 79 73 91 39 24 77 78 84 75 40 
93 56 11 90 36 73 42 60 86 41 25 55 24 97 66 45 26 49 23 57 64 55 82 55 84 
97 84 24 43 60 17 88 16 18 78 94 43 21 54 29 52 70 36 28 29 92 26 46 94 39 
55 20 84 38 27 31 87 12 97 82 62 66 71 30 36 11 25 69 74 69 50 79 91 77 97 
21 31 75 19 77 67 26 87 13 16 15 86 93 69 84 38 31 12 99 13 39 10 28 98 75 
50 49 16 93 78 65 66 61 41 75 39 98 54 78 11 60 83 50 54 14 34 44 87 36 43 
91 27 95 19 26 32 21 27 38 15 57 94 71 18 35 99 47 85 53 78 48 13 61 88 19 
66 74 53 53 63 48 96 80 44 68 58 28 79 37 57 46 84 13 70 93 90 69 92 75 74 
70 75 39 84 26 49 12 52 54 17 67 55 14 48 51 72 58 69 13 86 78 50 32 81 20 
25 71 41 70 98 15 40 36 44 76 52 45 78 56 52 48 24 97 52 24 10 76 72 69 79 
20 48 81 43 81 91 20 53 84 80 13 89 21 39 86 49 43 83 28 90 35 66 66 84 70 
80 84 46 52 16 77 25 16 59 58 87 12 68 92 49 49 96 90 22 87 76 61 83 22 41 
35 99 59 91 84 29 71 30 27 75 88 57 90 94 68 10 44 32 69 36 71 70 84 62 82 
72 90 95 55 12 89 80 12 48 33 48 30 94 30 99 31 19 56 22 65 24 74 99 99 43 
36 70 65 20 32 99 44 23 95 51 77 84 83 41 84 16 79 14 62 62 66 84 71 22 58 
88 89 32 88 88 28 76 58 83 48 43 83 83 18 40 34 47 76 18 79 60 76 58 27 39 
20 83 23 43 57 33 32 46 55 72 86 35 48 97 19 86 40 54 31 10 84 18 47 60 78 
26 72 54 37 89 83 99 72 58 43 30 81 27 28 89 51 15 24 89 12 85 37 94 39 59 
94 75 29 93 35 97 20 98 51 99 49 87 98 22 45 93 94 79 20 22 30 61 79 96 12 
81 82 40 37 73 51 31 49 70 25 36 67 87 34 70 86 74 57 84 48 55 78 42 86 50 
16 16 64 86 12 28 29 46 20 57 20 61 40 21 83 17 47 12 56 34 35 42 60 82 79 
60 89 19 54 75 21 60 43 37 98 98 56 80 44 66 37 16 80 29 27 25 89 27 28 45 
13 53 78 63 87 19 23 77 28 67 14 91 79 10 29 78 98 75 58 94 93 47 11 73 28 
80 89 17 59 69 53 62 74 83 77 61 92 52 90 72 71 57 25 51 57 44 81 17 71 91 
